image: kut_vertical_map.pgm
resolution: 0.100000
origin: [346007.155999, 4069350.43, 0.000000]
negate: 0
occupied_thresh: 0.65
free_thresh: 0.196
mode: raw

