image: kut_drivable_map.pgm
resolution: 0.100000
origin: [346059.408979, 4069367.2, 0.0]
negate: 0
occupied_thresh: 0.65
free_thresh: 0.196
mode: raw
