image: daegu_roadinfo3_draw.pgm
resolution: 0.100000
origin: [470972.504117, 3965234.853079, 0.0]
negate: 0
occupied_thresh: 0.65
free_thresh: 0.196
mode: raw
