image: deagu_vertical.pgm
resolution: 0.100000
origin: [470957.194117, 3965276.663079, 0.0]
negate: 0
occupied_thresh: 0.65
free_thresh: 0.196
mode: raw
