image: deagu_vertical2.pgm
resolution: 0.100000
origin: [470971.804117, 3965234.303079, 0.0]
negate: 0
occupied_thresh: 0.65
free_thresh: 0.196
mode: raw
