image: deaguroad.pgm
resolution: 0.100000
origin: [470953.094117, 3965321.563079, 0.0]
negate: 0
occupied_thresh: 0.65
free_thresh: 0.196
mode: raw
