image: roadinfo_final.pgm
resolution: 0.100000
origin: [471070.84117, 3965233.653079, 0.0]
negate: 0
occupied_thresh: 0.65
free_thresh: 0.196
mode: raw
