image: verticalinfo_final.pgm
resolution: 0.100000
origin: [471066.104117, 3965238.353079, 0.0]
negate: 0
occupied_thresh: 0.65
free_thresh: 0.196
mode: raw
