image: kcity_vertical_map.pgm
resolution: 0.100000
origin: [302180.831577,4123333.035974, 0.000000]
negate: 0
occupied_thresh: 0.65
free_thresh: 0.196
mode: raw
