image: verticalinfo_modi.pgm
resolution: 0.100000
origin: [302150.0, 4123350.0, 0.000000]
negate: 0
occupied_thresh: 0.65
free_thresh: 0.196
mode: raw
